<?xml version="1.0" encoding="UTF-8"?>

<!-- Mocap configuration-->
<Sensors>
    <marker a00="0.239046" a01="-0.0824081"   a02="0.967505"  a03="0.0114543"
            a10="0.970191" a11="0.061135"  a12="-0.234502"  a13="-0.065045"
            a20="-0.0398236"   a21="0.994722"  a22="0.0945657"   a23="0.305703"/> <!--Pose of the marker in the robot frame-->
    <camera a00="0.241761029007299"  a01="-0.156482265388292"   a02="0.957635058606503" a03="0.078542236056188"
            a10="-0.159587283912986"  a11="-0.979884124280077"  a12="-0.119829052391907"  a13="-0.078052590612562"
            a20="0.957122512360151"  a21="-0.123856382971628"  a22="-0.261870373907737"  a23="-0.061252007077847"/> <!--Pose of the camera in the marker frame-->
    <imu a00="0.99543424"  a01="0.03069763"   a02="-0.09037883" a03="-0.03202661"
            a10="-0.08285932"  a11="-0.19211721"  a12="-0.97786774"  a13="0.18918336"
            a20="-0.04738155"  a21="0.98089175"  a2="-0.18869646"  a23="0.07684403"/> <!--Pose of the imu in the camera frame-->
</Sensors>