%YAML:1.0
calibration_time: "czw, 16 sie 2018, 11:05:39"
nframes: 45
image_width: 640
image_height: 480
board_width: 7
board_height: 4
square_size: 6.4999997615814209e-02
aspectRatio: 1.
flags: 2
camera_matrix: !!opencv-matrix
   rows: 3
   cols: 3
   dt: d
   data: [ 6.1221344777676632e+02, 0., 3.2613148827723165e+02, 0.,
       6.1221344777676632e+02, 2.4206699082524759e+02, 0., 0., 1. ]
distortion_coefficients: !!opencv-matrix
   rows: 5
   cols: 1
   dt: d
   data: [ 1.0839287881602426e-01, -1.1898213702493447e-01,
       2.4875879930527016e-03, 1.9623069183234043e-03,
       -3.8688120601680287e-01 ]
avg_reprojection_error: 2.2278992089147864e-01
per_view_reprojection_errors: !!opencv-matrix
   rows: 45
   cols: 1
   dt: f
   data: [ 2.98015237e-01, 2.07903385e-01, 2.10652918e-01,
       3.06486130e-01, 1.45130634e-01, 2.17565238e-01, 1.65890902e-01,
       1.92566827e-01, 1.69395357e-01, 1.49682343e-01, 1.70633301e-01,
       2.27983519e-01, 2.82250285e-01, 2.10452512e-01, 2.39631802e-01,
       2.42227942e-01, 2.05878779e-01, 2.13387236e-01, 2.76115447e-01,
       3.12742889e-01, 2.15637580e-01, 2.11317122e-01, 2.50484765e-01,
       2.75742382e-01, 2.29605451e-01, 2.16028944e-01, 2.06232622e-01,
       1.83623120e-01, 2.19399005e-01, 2.55613565e-01, 2.81704992e-01,
       3.64667296e-01, 9.47527587e-02, 1.79611072e-01, 1.51837066e-01,
       2.27956682e-01, 1.06066905e-01, 1.07110567e-01, 1.27851203e-01,
       1.73090309e-01, 2.18194842e-01, 9.55442935e-02, 2.50125647e-01,
       2.38142550e-01, 3.21485519e-01 ]
extrinsic_parameters: !!opencv-matrix
   rows: 45
   cols: 6
   dt: d
   data: [ -1.0010925613066598e-02, 5.2363091183748012e-01,
       7.1065252359257692e-03, -1.8068363066233797e-01,
       -1.0289181536524356e-01, 6.1325023647777666e-01,
       -1.6180251705378346e-02, 1.2791880098118416e-01,
       -7.7185079864692405e-02, -2.2096820180525492e-01,
       -8.9421067403335303e-02, 4.9602630359776523e-01,
       -2.5473246127964467e-02, -2.5331131007779373e-01,
       -1.3119753233836162e-01, -1.9492740039516990e-01,
       -7.8239795491219441e-02, 4.1957157398349043e-01,
       -2.7149599121527857e-02, -5.6275044936270591e-01,
       -1.9693605130093622e-01, -1.5071849546409369e-01,
       -8.4208847579126112e-02, 3.9211706282228243e-01,
       1.6080796811702397e-01, -6.3577361352335704e-01,
       -2.1393669929218867e-01, -5.9375958508180636e-02,
       -6.3980941642214018e-02, 4.8780705808153796e-01,
       1.2240441119357118e-01, -8.7834172656245790e-01,
       -2.7992384237815998e-01, -3.8900297517251894e-02,
       -7.3309897879522759e-02, 4.2871832757489936e-01,
       1.7811421687700901e-01, -3.6024422616175711e-01,
       -1.9516541497381748e-01, -1.3589702070581400e-01,
       -6.2380786629442860e-02, 4.5042986185394279e-01,
       1.6071041335738723e-01, -2.4701076182111215e-01,
       -3.8896514888328798e-01, -1.5339289356583818e-01,
       -3.5442777761939409e-02, 4.6558710143275417e-01,
       2.2230613801691435e-01, 2.2353622495312162e-01,
       -1.7587444432522062e-01, -2.0077315940935123e-01,
       -6.6153060460878807e-02, 5.1346389533866821e-01,
       2.4329954100097345e-01, 4.2278173435297411e-01,
       -1.3967338369474291e-01, -2.2897718789425356e-01,
       -7.1971363816466793e-02, 5.3434936840484859e-01,
       2.4659206486647101e-01, 5.7196483158097833e-01,
       -1.8847737556080144e-01, -2.2520564523373646e-01,
       -6.0773258117795853e-02, 5.6115120524432915e-01,
       1.4038604834780410e-01, 1.7743046928825529e-01,
       2.0908060642970312e-02, -2.5426684687006590e-01,
       -4.1478918819451122e-02, 5.3132059645965846e-01,
       1.3063812781758835e-01, 1.8680201147246694e-01,
       3.6536305442603251e-02, -2.5097311498557279e-01,
       -5.0971888660439946e-02, 5.4258530770097091e-01,
       1.1611909225622855e-01, 1.9808600276153371e-01,
       2.6168652763161885e-02, -2.7654578016781872e-01,
       -1.6523724472096987e-01, 5.5701803756296586e-01,
       1.3562093545374596e-01, 1.9588873164335352e-01,
       3.9190706075542252e-02, -1.7770763240014029e-01,
       -1.6640912068182601e-01, 5.2789899576463128e-01,
       2.4671663272010638e-01, 2.1400728955763576e-01,
       2.0141156575577794e-02, -2.0551151804637835e-01,
       -5.9853661105448819e-02, 5.4175668191620174e-01,
       5.6931766067847711e-01, 2.1162616499905360e-01,
       -8.2688850681126205e-02, -2.3122303285716986e-01,
       -1.1353666537514367e-01, 5.2890418611963164e-01,
       7.0350294362850185e-01, 1.7160423674859909e-01,
       -8.1892421154565562e-02, -2.1820803825164617e-01,
       -1.0452424884877815e-01, 5.1870799105385956e-01,
       8.4627819697578255e-01, 1.5634937087122150e-01,
       -1.1643299802083694e-01, -2.1082591733210382e-01,
       -8.5813202585482792e-02, 5.0749119347459748e-01,
       9.8133175688203811e-01, 1.4798531577359342e-01,
       -1.2733545071338154e-01, -2.1653356095610674e-01,
       -7.1666865218212167e-02, 4.9558441629526723e-01,
       -2.1649000621776185e-01, 9.2390725009000113e-02,
       -4.2923180420396938e-02, -1.7292407456487865e-01,
       -8.7452398898464678e-02, 6.0752482719132650e-01,
       -4.4976971601705729e-01, 8.0430000254327602e-02,
       -1.9605741616851292e-02, -1.8173066811396460e-01,
       -6.8665888396379132e-02, 6.0865693438392166e-01,
       -6.4780708569950263e-01, -1.2284509092913443e-02,
       8.6809003304803966e-03, -1.7942941529378442e-01,
       -5.5587151134863962e-02, 6.0989230084505497e-01,
       -6.3914157304980257e-01, 5.5899162083372145e-01,
       -1.5426705152676462e-01, -1.5130248018034326e-01,
       5.8280250525242772e-02, 7.4562472840601657e-01,
       -6.6747144055657370e-01, 5.5503390179869305e-01,
       -1.5111465000398050e-01, -1.5395996079883303e-01,
       3.8303703102118704e-02, 7.9412923635534194e-01,
       -6.2702600490669624e-01, 7.7848317229497033e-01,
       -1.8399012625394665e-01, -1.1213788808946808e-01,
       4.5899399936503091e-02, 8.4316416264558958e-01,
       -3.0873701617743177e-01, -4.2488550968009098e-01,
       1.6684880880482358e-01, -1.8525813912901357e-01,
       -1.3329938080704362e-01, 5.7441559455818680e-01,
       -2.4705400560965068e-01, -5.8800535645067364e-01,
       1.7696012542170542e-01, -1.5423549925961816e-01,
       -1.5254401041598079e-01, 5.5616770577285379e-01,
       -3.6592265107712296e-01, -6.9949087893955131e-01,
       4.1213855451869968e-01, -1.0899197973567498e-01,
       -1.7906246956107991e-01, 5.5060968902563112e-01,
       -3.4229392209458304e-01, -7.1992271393680818e-01,
       4.7485659446074674e-01, -9.6020063776807843e-02,
       -1.8545921048405559e-01, 5.0258768663919340e-01,
       4.8710170012117382e-01, -7.0879563205370433e-01,
       2.5934578396752572e-01, -6.6639169033046133e-02,
       -1.0319723579854284e-01, 3.5903887793432743e-01,
       5.7593050047362226e-01, -8.0455258107347749e-01,
       2.7108078459547758e-01, -7.2935101862491622e-02,
       -1.0234696338476529e-01, 3.7674905030941724e-01,
       -9.8038784946029425e-02, -4.9459793826123860e-01,
       -7.1452767993923461e-01, -2.1070295536324968e-01,
       4.8497207500656954e-02, 6.0930169292921699e-01,
       5.1497223119810878e-02, -7.0475082337096029e-01,
       -7.2801206642360861e-01, -1.7130650716570800e-01,
       4.8701119654700760e-02, 5.4723457975139955e-01,
       2.6476149080429651e-01, -4.5270998704617216e-01,
       -9.7816457872120532e-01, -1.4525292309061313e-01,
       1.1656441443529936e-01, 5.8221554055962499e-01,
       -4.2730311369978174e-01, -2.3928980676932513e-01,
       -6.9159484519329895e-01, -2.0123933496691682e-01,
       1.5624073715270160e-02, 5.6910095252000359e-01,
       -1.3757910406897729e-02, 5.0650276801037009e-02,
       -5.4767981263586049e-02, -8.2344867153182746e-02,
       -2.2366499517670044e-01, 1.1527602839717292e+00,
       -9.0362395126004760e-02, 1.7356472867587486e-01,
       -3.6789864472835318e-02, -2.0065723325398702e-01,
